Planeta            N_e N_p M_d       P_orb[d]   a_p[ua]   R_p[R_T]  M_p[M_T] d[pc]
HD110067-b          3   6   T         9.113     0.0793     2.200     5.690   32.158
HD110067-c          3   6   T        13.673     0.1039     2.388     6.300   32.158
HD110067-d          3   6   T        20.519     0.1362     2.852     8.520   32.158
HD110067-e          3   6   T        30.793     0.1785     1.940     3.900   32.158
HD110067-f          3   6   T        41.058     0.2163     2.601     5.040   32.158
HD110067-g          3   6   T        54.769     0.2621     2.607     8.400   32.158
GJ667C-b            3   5   VR        7.203     0.0504     2.250     5.680    7.243
GJ667C-c            3   5   VR       28.140     0.1250     1.770     3.800    7.243
GJ667C-e            3   5   VR       62.240     0.2130     1.450     2.700    7.243
GJ667C-f            3   5   VR       39.026     0.1560     1.450     2.700    7.243
GJ667C-g            3   5   VR      256.200     0.5490     1.990     4.600    7.243
Kepler-444-b        3   5   T         3.600     0.0417     0.403     0.037   36.439
Kepler-444-c        3   5   T         4.545     0.0488     0.497     0.079   36.439
Kepler-444-d        3   5   T         6.189     0.0600     0.530     0.200   36.439
Kepler-444-e        3   5   T         7.743     0.0696     0.546     0.100   36.439
Kepler-444-f        3   5   T         9.740     0.0811     0.741     0.332   36.439
V1298Tau-b          3   4   T        24.139     0.1688    10.270   203.410  108.199
V1298Tau-c          3   4   T         8.249     0.0825     5.590    76.278  108.199
V1298Tau-d          3   4   T        12.403     0.1083     6.410    98.526  108.199
V1298Tau-e          3   4   T        53.500     0.2409     9.975   321.006  108.199
GJ229A-c            3   2   VR      121.932     0.3840     2.870     8.581    5.756
GJ229-b             3   2   VR      579.474     1.0860     3.970    14.937    5.756
HD113337-b          3   2   VR      317.586     1.0220    13.100  1035.802   36.180
HD113337-c          3   2   VR     5429.934     6.8050    12.100  6299.676   36.180
HD207832-b          3   2   VR      160.070     0.5860    14.200   177.984   58.929
HD207832-c          3   2   VR     1155.700     2.1120    14.000   232.015   58.929
HD65216-b           3   2   VR      577.600     1.3010    13.600   411.589   35.120
HD65216-c           3   2   VR     5370.000     5.7500    13.400   645.194   35.120
K2-290-b            3   2   T         9.211     0.0923     3.060    10.900  272.909
K2-290-c            3   2   T        48.366     0.3050    11.276   246.000  272.909
LTT1445A-b          3   2   T         5.358     0.0220     1.180     2.730    6.869
LTT1445A-c          3   2   T         3.123     0.0266     1.147     1.540    6.869
TOI-942-b           3   2   T         4.324     0.0486     3.890    16.000  152.601
TOI-942-c           3   2   T        10.156     0.0859     4.670    37.000  152.601
Kepler-20-b         2   6   T         3.696     0.0456     1.773     9.700  282.563
Kepler-20-c         2   6   T        10.854     0.0936     2.894    11.100  282.563
Kepler-20-d         2   6   T        77.611     0.3474     2.606    13.400  282.563
Kepler-20-e         2   6   T         6.098     0.0637     0.821     0.760  282.563
Kepler-20-f         2   6   T        19.578     0.1387     0.952     1.400  282.563
Kepler-20-g         2   6   VR       34.940     0.2055     4.710    19.960  282.563
55Cnc-b             2   5   VR       14.651     0.1134    13.900   263.978   12.585
55Cnc-c             2   5   VR       44.398     0.2373     8.510    54.473   12.585
55Cnc-d             2   5   VR     5574.200     5.9570    13.000  1232.490   12.585
55Cnc-e             2   5   VR        0.736     0.0154     1.875     7.990   12.585
55Cnc-f             2   5   VR      259.880     0.7708     7.590    44.812   12.585
HD20781-b           2   5   VR        5.313     0.0529     1.210     1.930   35.971
HD20781-c           2   5   VR       13.890     0.1004     2.170     5.330   35.971
HD20781-d           2   5   VR       29.158     0.1647     3.250    10.610   35.971
HD20781-e           2   5   VR       85.507     0.3374     3.830    14.030   35.971
HD20782-b           2   5   VR      597.064     1.3649    13.600   472.830   35.986
Kepler-296-b        2   5   T        10.864     0.0790     1.610     3.220  167.000
Kepler-296-c        2   5   T         5.841     0.0521     2.000     4.660  167.000
Kepler-296-d        2   5   T        19.850     0.1180     2.090     5.020  167.000
Kepler-296-e        2   5   T        34.142     0.1690     1.530     2.960  167.000
Kepler-296-f        2   5   T        63.336     0.2550     1.800     3.890  167.000
GJ676A-b            2   4   VR     1051.445     1.7350    12.800  1840.860   16.027
GJ676A-c            2   4   VR    13921.423     9.7260    12.300  4288.140   16.027
GJ676A-d            2   4   VR        3.600     0.0390     1.780     3.810   16.027
GJ676A-e            2   4   VR       35.473     0.1810     2.470     6.670   16.027
K2-266-b            2   4   T         0.658     0.0130     3.300    11.260   77.558
K2-266-c            2   4   T         7.814     0.0679     0.705     0.290   77.558
K2-266-d            2   4   T        14.697     0.1035     2.930     8.900   77.558
K2-266-e            2   4   T        19.482     0.1249     2.730    14.300   77.558
K2-32-b             2   4   T         8.992     0.0795     5.299    15.000  157.682
K2-32-c             2   4   T        20.660     0.1384     3.134     8.100  157.682
K2-32-d             2   4   T        31.717     0.1842     3.484     6.700  157.682
K2-32-e             2   4   T         4.349     0.0489     1.212     2.100  157.682
KOI-94-b            2   4   T         3.743     0.0511     1.710    10.500  477.052
KOI-94-c            2   4   T        10.423     0.1013     4.320    15.600  477.052
KOI-94-d            2   4   T        22.342     0.1684    11.270   106.000  477.052
KOI-94-e            2   4   T        54.320     0.3046     6.560    35.000  477.052
Kepler-132-b        2   4   T         6.178     0.0670     1.210     1.920  349.549
Kepler-132-c        2   4   T         6.414     0.0680     1.280     2.180  349.549
Kepler-132-d        2   4   T        18.010     0.1360     1.550     3.020  349.549
Kepler-132-e        2   4   T       110.286     0.4392     1.180     1.760  349.549
Kepler-167-b        2   4   T         4.393     0.0482     1.718     3.600  341.908
Kepler-167-c        2   4   T         7.406     0.0684     1.674     3.440  341.908
Kepler-167-d        2   4   T        21.803     0.1404     1.238     2.060  341.908
Kepler-167-e        2   4   T      1071.232     1.8830    10.160   321.000  341.908
Kepler-197-b        2   4   T         5.599     0.0600     1.020     1.040  330.575
Kepler-197-c        2   4   T        10.349     0.0900     1.230     5.300  330.575
Kepler-197-d        2   4   T        15.677     0.1190     1.220     1.980  330.575
Kepler-197-e        2   4   T        25.209     0.1640     0.910     0.693  330.575
Kepler-411-b        2   4   T         3.005     0.0375     2.401    25.600  153.676
Kepler-411-c        2   4   T         7.834     0.0739     4.421    26.400  153.676
Kepler-411-d        2   4   T        58.020     0.2790     3.319    15.200  153.676
Kepler-411-e        2   4   VTT      31.509     0.1860     3.280    10.800  153.676
Kepler-68-b         2   4   T         5.398     0.0613     2.357     8.030  144.166
Kepler-68-c         2   4   T         9.605     0.0900     0.979     1.300  144.166
Kepler-68-d         2   4   VR      632.620     1.4690    13.900   267.000  144.166
Kepler-68-e         2   4   VR     3455.000     4.6000    11.200    86.449  144.166
J19383260+4603591-b 2   3   VTE     406.000     0.9200    13.400   603.877  396.332
HD125612-b          2   3   VR      557.699     1.3490    13.200   945.221   57.620
HD125612-c          2   3   VR        4.154     0.0510     4.070    15.573   57.620
HD125612-d          2   3   VR     2822.726     3.9820    12.700  2281.370   57.620
HD133131A-b         2   3   VR      649.000     1.4400    13.600   451.318   51.473
HD133131A-c         2   3   VR     3568.000     4.4900    14.300   133.488   51.473
HD133131B-b         2   3   VR     5769.000     6.1500    13.300   794.575   51.299
HD142A-d            2   3   VR      108.452     0.4740    10.900    82.635   26.185
HD142-b             2   3   VR      351.433     1.0390    12.700  2256.580   26.185
HD142-c             2   3   VR    10159.642     9.8110    12.400  3464.640   26.185
HR858-b             2   3   T         3.585     0.0488     2.004     3.550   31.964
HR858-c             2   3   T         5.973     0.0687     1.979     3.800   31.964
HR858-d             2   3   T        11.230     0.1046     2.001     7.100   31.964
K2-136-b            2   3   T         7.975     0.0707     1.014     4.300   59.247
K2-136-c            2   3   T        17.307     0.1185     3.000    18.100   59.247
K2-136-d            2   3   T        25.575     0.1538     1.565     3.000   59.247
K2-148-b            2   3   T         4.383     0.0454     1.330     2.330  124.458
K2-148-c            2   3   T         6.922     0.0616     1.730     3.640  124.458
K2-148-d            2   3   T         9.757     0.0774     1.640     3.330  124.458
Kepler-104-b        2   3   T        11.427     0.0940     3.100    19.600  400.785
Kepler-104-c        2   3   T        23.668     0.1530     3.130     7.144  400.785
Kepler-104-d        2   3   T        51.755     0.2570     3.580     5.540  400.785
Kepler-1130-b       2   3   T         5.452     0.0596     0.800     0.437  249.343
Kepler-1130-c       2   3   T         3.266     0.0423     0.792     0.422  249.343
Kepler-1130-d       2   3   T         4.272     0.0506     0.644     0.202  249.343
Kepler-130-b        2   3   T         8.457     0.0790     1.020     1.040  316.663
Kepler-130-c        2   3   T        27.508     0.1780     2.900     8.750  316.663
Kepler-130-d        2   3   T        87.517     0.3770     1.640     3.330  316.663
Kepler-25-b         2   3   T         6.238     0.0695     2.748     8.700  243.249
Kepler-25-c         2   3   T        12.720     0.1117     5.217    15.200  243.249
Kepler-25-d         2   3   VR      122.400     0.4164    10.000    71.900  243.249
Kepler-451-c        2   3   VTE    1460.000 99999.0000    13.500   511.703  396.332
Kepler-451-d        2   3   VTE      43.000 99999.0000    13.500   559.377  396.332
Kepler-454-b        2   3   T        10.573     0.0952     2.370     5.400  230.869
Kepler-454-c        2   3   VR      524.190     1.2870    12.900  1433.400  230.869
Kepler-454-d        2   3   VR     4073.000     5.1000    13.300   734.183  230.869
Kepler-47-b         2   3   T        49.464     0.2877     3.050     2.070 1025.020
Kepler-47-c         2   3   T       303.227     0.9638     4.650     3.170 1025.020
Kepler-47-d         2   3   T       187.366     0.6992     7.040    19.020 1025.020
Kepler-83-b         2   3   T         9.770     0.0729     2.830     2.940  400.409
Kepler-83-c         2   3   T        20.090     0.1179     2.360     2.030  400.409
Kepler-83-d         2   3   T         5.169     0.0510     1.940     4.100  400.409
LHS1678-b           2   3   T         0.860     0.0123     0.685     0.350   19.878
LHS1678-c           2   3   T         3.694     0.0327     0.941     1.400   19.878
LHS1678-d           2   3   T         4.965     0.0400     0.981     0.907   19.878
TOI-451-b           2   3   T         1.858     0.0283     1.910     4.310  123.739
TOI-451-c           2   3   T         9.192     0.0823     3.100     9.800  123.739
TOI-451-d           2   3   T        16.364     0.1208     4.070    15.600  123.739
XO-2N-b             2   3   T         2.615     0.0368    11.130   179.891  154.273
XO-2S-b             2   3   VR       18.157     0.1300    10.900    82.635  151.398
XO-2S-c             2   3   VR      120.800     0.4756    13.600   435.409  151.398
upsAnd-b            2   3   VR        4.617     0.0592    14.000   218.531   13.405
upsAnd-c            2   3   VR      241.258     0.8277    12.300  4443.240   13.405
upsAnd-d            2   3   VR     1276.460     2.5132    12.500  3257.740   13.405
75Cet-b             2   2   VR      696.620     1.9120    13.300   787.896   82.961
75Cet-c             2   2   VR     2051.620     3.9290    13.900   289.859   82.961
GJ15A-b             2   2   VR       11.440     0.0720     1.550     3.030    3.562
GJ15A-c             2   2   VR     7600.000     5.4000     6.670    36.000    3.562
GJ3473-b            2   2   T         1.198     0.0158     1.264     1.860   27.364
GJ3473-c            2   2   VR       15.509     0.0876     2.630     7.410   27.364
GJ414A-b            2   2   VR       50.800     0.2324     2.630     7.600   11.889
GJ414A-c            2   2   VR      749.830     1.4000     8.400    53.830   11.889
HD107148-b          2   2   VR       48.056     0.2690     9.600    66.741   49.415
HD107148-c          2   2   VR       18.326     0.1407     4.700    19.896   49.415
HD11343-c           2   2   VR      228.537     0.9230    13.900   255.534  155.121
HD116029-b          2   2   VR      670.000     1.6500    13.600   444.962  123.245
HD116029-c          2   2   VR      907.000 99999.0000    13.700   403.644  123.245
HD11964-b           2   2   VR     1945.000     3.1600    14.100   198.000   33.536
HD11964-c           2   2   VR       37.910     0.2290     5.380    25.000   33.536
HD147873-b          2   2   VR      116.596     0.5220    12.800  1633.640  109.055
HD147873-c          2   2   VR      491.540     1.3600    13.300   731.009  109.055
HD177830-b          2   2   VR      410.100     1.1400    13.500   537.132   62.767
HD177830-c          2   2   VR      110.900     0.5137     7.870    47.672   62.767
HD190360-b          2   2   VR     2854.000     3.9000    13.400   572.091   16.006
HD190360-c          2   2   VR       17.111     0.1304     4.590    19.069   16.006
HD217786-b          2   2   VR     1301.360     2.4460    12.300  4402.550   55.484
HD217786-c          2   2   VR        2.522     0.0380     2.610     7.310   55.484
HD38529-b           2   2   VR       14.309     0.1150    14.100   206.588   42.353
HD38529-c           2   2   VR     2127.605     3.2260    12.500  3299.050   42.353
HD41004A-b          2   2   VR      963.000 99999.0000    13.200   807.250   36.691
HD41004B-b          2   2   VR        1.328 99999.0000    12.100  5838.290   41.550
HD4732-b            2   2   VR      371.740     1.1290    13.400   631.207   54.784
HD4732-c            2   2   VR     3184.200     4.7250    13.100  1069.490   54.784
HD93963A-b          2   2   T         1.037     0.0206     1.469     2.800   82.343
HD93963A-c          2   2   T         3.645     0.0472     3.119    18.400   82.343
HD99492-b           2   2   VR       17.050     0.1200     5.440    25.500   18.203
HD99492-c           2   2   VR       95.233 99999.0000     4.420    17.900   18.203
HIP38594-b          2   2   VR       60.722     0.2560     2.770     8.100   17.788
HIP38594-c          2   2   VR     3477.768     3.8050     7.940    48.400   17.788
HIP8541-b           2   2   VR     1852.143     3.7290    12.600  2451.720  155.121
HUAqrAB-b           2   2   VTE    2390.000     3.6000    12.800  1875.190  192.198
HUAqrAB-c           2   2   VTE    4368.000     5.4000    12.900  1430.230  192.198
Kepler-108-b        2   2   T        49.183     0.2920     8.650    56.000  338.732
Kepler-108-c        2   2   T       190.323     0.7210     8.180    50.900  338.732
Kepler-1086-b       2   2   T        18.784     0.1198     2.440     6.530  466.084
Kepler-1086-c       2   2   T       161.516     0.5030     2.940     8.960  466.084
Kepler-136-b        2   2   T        11.578     0.1060     2.050    19.800  420.818
Kepler-136-c        2   2   T        16.399     0.1330     1.990     4.620  420.818
Kepler-333-b        2   2   T        12.551     0.0870     1.320    28.200  324.413
Kepler-333-c        2   2   T        24.088     0.1350     1.110     1.410  324.413
Kepler-353-b        2   2   T         5.795     0.0510     0.890     0.640  384.694
Kepler-353-c        2   2   T         8.410     0.0650     1.380     2.480  384.694
Kepler-390-b        2   2   T         6.738     0.0650     0.820     0.477  435.277
Kepler-390-c        2   2   T        13.060     0.1010     0.790     0.418  435.277
Kepler-432-b        2   2   T        52.501     0.3010    12.834  1719.460  848.023
Kepler-432-c        2   2   VR      406.200 99999.0000    13.300   772.326  848.023
Kepler-755-b        2   2   T         1.269     0.0215     1.760     3.750  399.034
Kepler-755-c        2   2   T         2.853     0.0370     1.260     2.130  399.034
LTT3780-b           2   2   T         0.768     0.0119     1.325     2.460   21.981
LTT3780-c           2   2   T        12.252     0.0757     2.390     8.040   21.981
NNSer-c             2   2   VTE    5573.550     5.3500    12.600  2329.600  515.818
NNSer-d             2   2   VTE    2883.500     3.4300    13.300   731.000  515.818
NYVir-b             2   2   VTE    3160.000     3.3000    13.300   730.978  544.024
NYVir-c             2   2   VTE    8799.000 99999.0000    12.800  1760.770  544.024
Pr0211-b            2   2   VR        2.146     0.0317    13.400   597.520  182.714
Pr0211-c            2   2   VR     4850.000     5.5000    12.600  2475.890  182.714
TOI-1338-b          2   2   T        95.400     0.4607     7.661    11.300  399.017
TOI-1338-c          2   2   VR      215.790     0.7940    10.300    75.400  399.017
TOI-1450A-b         2   2   T         2.043 99999.0000     1.130     1.258   22.446
TOI-1450A-c         2   2   T         5.068 99999.0000     1.130     1.527   22.446
TOI-1453-b          2   2   T         4.313 99999.0000     1.173     2.320   78.741
TOI-1453-c          2   2   T         6.588 99999.0000     2.224     2.950   78.741
TOI-1634-b          2   2   T         0.989     0.0154     1.773     7.570   35.273
TOI-1634-c          2   2   VR      103.000 99999.0000 99999.000 99999.000   35.273
TOI-421-b           2   2   T         5.197     0.0554     2.640     6.700   74.796
TOI-421-c           2   2   T        16.067     0.1170     5.090    14.100   74.796
TOI-815-b           2   2   T        11.197     0.0903     2.940     7.600   59.711
TOI-815-c           2   2   T        34.976     0.1930     2.620    23.500   59.711
UZFor-b             2   2   VTE    5840.000     5.9000 99999.000  2002.200  239.603
UZFor-c             2   2   VTE    1916.250     2.8000 99999.000  2447.200  239.603
WASP-18-b           2   2   T         0.941     0.0202    13.899  3241.840  123.483
WASP-18-c           2   2   VTT       2.155     0.0350     8.580    55.200  123.483
WASP-8-b            2   2   T         8.158     0.0801    12.666   807.288   89.960
WASP-8-c            2   2   VR     4323.000     5.2800    12.500  3003.370   89.960
WASP-94A-b          2   2   T         3.950     0.0550    17.710   158.915  211.211
WASP-94B-b          2   2   VR        2.008     0.0335    14.100   196.411  208.696